比利时 179.900000 165.500000 77.900000 83.020000
波兰 177.300000 164.600000 73.000000 81.140000
德国 178.300000 165.900000 78.100000 83.060000
中国 175.700000 163.500000 73.900000 77.020000
埃及 165.400000 157.300000 68.700000 73.050000
伊朗 172.700000 159.700000 73.900000 76.220000
南非 166.700000 158.000000 54.800000 59.110000
土耳其 173.000000 160.500000 71.500000 78.120000
韩国 173.700000 162.300000 77.900000 84.630000
巴西 172.500000 160.900000 70.200000 77.860000
印度 164.900000 152.600000 66.100000 68.930000
加拿大 176.500000 163.900000 79.600000 83.780000
日本 170.700000 157.800000 80.900000 86.580000
英国 177.500000 164.400000 78.400000 82.390000
阿根廷 171.600000 159.200000 72.100000 79.830000
西班牙 175.000000 163.400000 79.400000 85.050000
葡萄牙 171.500000 163.000000 77.400000 83.500000
美国 177.100000 163.500000 76.400000 81.250000
蒙古 169.100000 158.200000 64.700000 73.290000
意大利 175.600000 164.600000 8.000000 86.490000
奥地利 177.400000 164.600000 78.400000 83.590000
澳大利亚 178.000000 165.900000 79.900000 84.280000
柬埔寨 160.800000 152.900000 65.000000 69.550000
马来西亚 167.900000 156.300000 72.200000 76.880000
沙特阿拉伯 166.600000 155.900000 72.800000 75.470000
墨西哥 169.000000 156.800000 74.000000 78.930000
瑞士 178.400000 163.500000 80.200000 85.230000
智利 170.400000 159.400000 78.000000 84.120000
朝鲜 172.000000 159.000000 66.000000 73.270000
瑞典 178.200000 167.700000 80.000000 83.710000
荷兰 182.500000 168.700000 79.300000 83.140000
泰国 167.800000 157.900000 70.800000 77.580000
菲律宾 161.200000 149.600000 64.700000 71.550000
